band_gap: 4.988399999999999
data_source: new MPRester mp-22865
total_magnetization: 5.1500000000000005e-05
