       N       E                     dE             d eps       ncg     rms           ort
DAV:   1    -0.112975316801E+05   -0.11298E+05   -0.67925E+04  7168   0.200E+03  
DAV:   2    -0.125863035990E+05   -0.12888E+04   -0.12445E+04  7168   0.512E+02  
DAV:   3    -0.129204295363E+05   -0.33413E+03   -0.32289E+03  7168   0.212E+02  
DAV:   4    -0.129924076288E+05   -0.71978E+02   -0.70590E+02  7168   0.911E+01  
DAV:   5    -0.323441196828E+02    0.12960E+05   -0.17035E+02  7168   0.681E+01  
SDA:   6    -0.295946055014E+02    0.27495E+01   -0.10534E+02  7168   0.263E+02   0.000E+00
