S: -4.3910155815625
Zn: -1.585555965
