       N       E                     dE             d eps       ncg     rms           ort
DAV:   1    -0.324336301436E+05   -0.32434E+05   -0.22316E+05  5824   0.236E+03  
DAV:   2    -0.374792009299E+05   -0.50456E+04   -0.48680E+04  5824   0.627E+02  
DAV:   3    -0.391277992475E+05   -0.16486E+04   -0.16030E+04  5824   0.265E+02  
DAV:   4    -0.394368489537E+05   -0.30905E+03   -0.30166E+03  5824   0.119E+02  
DAV:   5    -0.815396341218E+02    0.39355E+05   -0.10599E+03  5824   0.896E+01  
SDA:   6    -0.754834286118E+02    0.60562E+01   -0.50432E+02  5824   0.126E+03   0.000E+00
DMP:   7    -0.975685181810E+02   -0.22085E+02   -0.10058E+02  5824   0.313E+02  -0.162E+02
DMP:   8    -0.103433594262E+03   -0.58651E+01   -0.46990E+01  5824   0.102E+02   0.404E+01
