Cl: -2.0177426375
Cs: -0.95311018625
