       N       E                     dE             d eps       ncg     rms           ort
DAV:   1    -0.146983335042E+05   -0.14698E+05   -0.10996E+05  8820   0.223E+03  
DAV:   2    -0.168617270319E+05   -0.21634E+04   -0.20803E+04  8820   0.550E+02  
DAV:   3    -0.175136280988E+05   -0.65190E+03   -0.62876E+03  8820   0.225E+02  
DAV:   4    -0.176461474010E+05   -0.13252E+03   -0.13001E+03  8820   0.101E+02  
DAV:   5    -0.387823424449E+02    0.17607E+05   -0.40294E+02  8820   0.788E+01  
SDA:   6    -0.343439340879E+02    0.44384E+01   -0.20103E+02  8820   0.503E+02   0.000E+00
DMP:   7    -0.440399432856E+02   -0.96960E+01   -0.27234E+01  8820   0.720E+01  -0.102E+01
DMP:   8    -0.452616684860E+02   -0.12217E+01   -0.15929E+01  8820   0.420E+01  -0.575E+00
DMP:   9    -0.459708976662E+02   -0.70923E+00   -0.44164E+00  8820   0.128E+01  -0.461E+00
DMP:  10    -0.461870819475E+02   -0.21618E+00   -0.25637E+00  8820   0.659E+00  -0.474E-01
DMP:  11    -0.463003575495E+02   -0.11328E+00   -0.97194E-01  8820   0.273E+00  -0.792E-01
DMP:  12    -0.463631287219E+02   -0.62771E-01   -0.47184E-01  8820   0.913E-01   0.698E-01
